PUBG Global Invitational 2018
=============================

TPP:                        R1         |R2         R3         R4         R5         R6         R7         R8         Pts
________________________________________________________________________________________________________________________
1. Gen.G Gold               [ 8,  1] - [ 5,  9] - [11,  4] - [ 4,  8] - [ 1, 12] - [ 6,  2] - [ 1, 16] - [ 2,  9] - 3305
2. Team Liquid              [ 6,  6] - [ 8,  1] - [ 1,  3] - [ 1, 12] - [ 8,  3] - [12,  0] - [ 4,  3] - [ 4,  4] - 2635
3. Welcome to South Georgo  [18,  2] - [ 3, 10] - [ 4,  5] - [ 9,  0] - [17,  2] - [ 1,  6] - [ 6,  5] - [ 1, 10] - 2595
4. Oh My God                [ 5,  6] - [ 1, 11] - [14,  0] - [ 6,  1] - [12,  2] - [ 3, 11] - [13,  4] - [ 7,  5] - 2235
5. Pittsburgh Knights       [12,  3] - [10,  6] - [ 3, 13] - [ 3,  9] - [ 6,  4] - [ 5,  3] - [14,  0] - [ 9,  3] - 2090
6. Gen.G Black              [14,  3] - [ 2,  7] - [ 2,  8] - [ 2, 12] - [19,  3] - [18,  3] - [18,  2] - [10,  3] - 2010
7. Made in Thailand         [15,  2] - [ 6,  7] - [ 6,  6] - [13,  2] - [ 3, 10] - [ 2, 14] - [17,  1] - [18,  1] - 1925
8. Ghost Gaming             [ 1, 12] - [12,  2] - [ 7,  2] - [ 7,  8] - [15,  6] - [10,  4] - [15,  5] - [13,  4] - 1770
9. Chiefs Esports Club      [ 7,  4] - [13,  1] - [ 8,  4] - [14,  1] - [ 2,  7] - [16,  2] - [ 7,  1] - [19,  4] - 1380
10. Natus Vincere           [13,  6] - [ 4,  5] - [10,  2] - [18,  1] - [20,  0] - [14,  4] - [ 2,  7] - [16,  3] - 1345
11. Savage Esports          [ 4,  4] - [14,  5] - [13,  9] - [ 8,  1] - [16,  1] - [11,  4] - [10,  4] - [12,  8] - 1335
12. Four Angry Men          [ 3,  9] - [17,  0] - [17,  1] - [11,  2] - [ 4,  1] - [20,  0] - [20,  0] - [ 6,  5] - 1230
13. ahq e-Sports Club       [17,  1] - [ 9,  1] - [18,  1] - [ 5,  3] - [ 5,  2] - [19,  2] - [19,  0] - [ 3,  3] - 1195
14. Crest Gaming Xanadu     [ 2,  4] - [11,  6] - [19,  0] - [12,  4] - [18,  0] - [ 7,  3] - [11,  3] - [14,  0] - 1165
15. Honey Badger Nation     [ 9,  3] - [15,  1] - [ 5,  3] - [20,  1] - [ 9,  1] - [ 8,  6] - [ 8,  2] - [17,  0] - 1080
16. AVANGAR                 [11,  2] - [20,  1] - [12,  5] - [15,  2] - [11,  6] - [17,  1] - [12,  7] - [ 5,  6] - 1035
17. Oyun Hizmetleri eSports [10,  4] - [16,  1] - [15,  1] - [10,  4] - [ 7,  5] - [15,  1] - [ 9,  1] - [ 8,  2] - 1005
18. Crest Gaming Windfall   [20,  0] - [ 7,  0] - [16,  5] - [17,  1] - [13,  1] - [ 4,  2] - [ 5,  0] - [20,  0] -  940
19. Refund Gaming           [19,  0] - [18,  0] - [20,  1] - [16,  4] - [14,  2] - [13,  7] - [ 3,  4] - [11,  6] -  910
20. Team Gates              [16,  1] - [19,  0] - [ 9,  1] - [19,  0] - [10,  7] - [ 9,  3] - [16,  2] - [15,  0] -  630
¯¯¯¯¯¯¯¯¯¯¯¯¯¯¯¯¯¯¯¯¯¯¯¯¯¯¯¯¯¯¯¯¯¯¯¯¯¯¯¯¯¯¯¯¯¯¯¯¯¯¯¯¯¯¯¯¯¯¯¯¯¯¯¯¯¯¯¯¯¯¯¯¯¯¯¯¯¯¯¯¯¯¯¯¯¯¯¯¯¯¯¯¯¯¯¯¯¯¯¯¯¯¯¯¯¯¯¯¯¯¯¯¯¯¯¯¯¯¯¯


TPP:                        R1       R2       R3       R4       R5       R6       R7       R8       Pts
¯¯¯¯¯¯¯¯¯¯¯¯¯¯¯¯¯¯¯¯¯¯¯¯¯¯¯¯¯¯¯¯¯¯¯¯¯¯¯¯¯¯¯¯¯¯¯¯¯¯¯¯¯¯¯¯¯¯¯¯¯¯¯¯¯¯¯¯¯¯¯¯¯¯¯¯¯¯¯¯¯¯¯¯¯¯¯¯¯¯¯¯¯¯¯¯¯¯¯¯¯¯¯¯
1. Gen.G Gold                8,  1 |  5,  9 | 11,  4 |  4,  8 |  1, 12 |  6,  2 |  1, 16 |  2,  9 | 3305
2. Team Liquid               6,  6 |  8,  1 |  1,  3 |  1, 12 |  8,  3 | 12,  0 |  4,  3 |  4,  4 | 2635
3. Welcome to South Georgo  18,  2 |  3, 10 |  4,  5 |  9,  0 | 17,  2 |  1,  6 |  6,  5 |  1, 10 | 2595
4. Oh My God                 5,  6 |  1, 11 | 14,  0 |  6,  1 | 12,  2 |  3, 11 | 13,  4 |  7,  5 | 2235
5. Pittsburgh Knights       12,  3 | 10,  6 |  3, 13 |  3,  9 |  6,  4 |  5,  3 | 14,  0 |  9,  3 | 2090
6. Gen.G Black              14,  3 |  2,  7 |  2,  8 |  2, 12 | 19,  3 | 18,  3 | 18,  2 | 10,  3 | 2010
7. Made in Thailand         15,  2 |  6,  7 |  6,  6 | 13,  2 |  3, 10 |  2, 14 | 17,  1 | 18,  1 | 1925
8. Ghost Gaming              1, 12 | 12,  2 |  7,  2 |  7,  8 | 15,  6 | 10,  4 | 15,  5 | 13,  4 | 1770
9. Chiefs Esports Club       7,  4 | 13,  1 |  8,  4 | 14,  1 |  2,  7 | 16,  2 |  7,  1 | 19,  4 | 1380
10. Natus Vincere           13,  6 |  4,  5 | 10,  2 | 18,  1 | 20,  0 | 14,  4 |  2,  7 | 16,  3 | 1345
11. Savage Esports           4,  4 | 14,  5 | 13,  9 |  8,  1 | 16,  1 | 11,  4 | 10,  4 | 12,  8 | 1335
12. Four Angry Men           3,  9 | 17,  0 | 17,  1 | 11,  2 |  4,  1 | 20,  0 | 20,  0 |  6,  5 | 1230
13. ahq e-Sports Club       17,  1 |  9,  1 | 18,  1 |  5,  3 |  5,  2 | 19,  2 | 19,  0 |  3,  3 | 1195
14. Crest Gaming Xanadu      2,  4 | 11,  6 | 19,  0 | 12,  4 | 18,  0 |  7,  3 | 11,  3 | 14,  0 | 1165
15. Honey Badger Nation      9,  3 | 15,  1 |  5,  3 | 20,  1 |  9,  1 |  8,  6 |  8,  2 | 17,  0 | 1080
16. AVANGAR                 11,  2 | 20,  1 | 12,  5 | 15,  2 | 11,  6 | 17,  1 | 12,  7 |  5,  6 | 1035
17. Oyun Hizmetleri eSports 10,  4 | 16,  1 | 15,  1 | 10,  4 |  7,  5 | 15,  1 |  9,  1 |  8,  2 | 1005
18. Crest Gaming Windfall   20,  0 |  7,  0 | 16,  5 | 17,  1 | 13,  1 |  4,  2 |  5,  0 | 20,  0 |  940
19. Refund Gaming           19,  0 | 18,  0 | 20,  1 | 16,  4 | 14,  2 | 13,  7 |  3,  4 | 11,  6 |  910
20. Team Gates              16,  1 | 19,  0 |  9,  1 | 19,  0 | 10,  7 |  9,  3 | 16,  2 | 15,  0 |  630
¯¯¯¯¯¯¯¯¯¯¯¯¯¯¯¯¯¯¯¯¯¯¯¯¯¯¯¯¯¯¯¯¯¯¯¯¯¯¯¯¯¯¯¯¯¯¯¯¯¯¯¯¯¯¯¯¯¯¯¯¯¯¯¯¯¯¯¯¯¯¯¯¯¯¯¯¯¯¯¯¯¯¯¯¯¯¯¯¯¯¯¯¯¯¯¯¯¯¯¯¯¯¯¯