team
1, Team Liquid, European Qualifier
2, Welcome to South Georgo, European Qualifier
3, Pittsburgh Knights, European Qualifier
4, Team Gates, North American Qualifier
5, Ghost Gaming, North American Qualifier
6, Honey Badger Nation, North American Qualifier
7, Natus Vincere, CIS Qualifier
8, AVANGAR, CIS Qualifier
9, Gen.G Gold, Korean Qualifier
10, Gen.G Black, Korean Qualifier
11, Oh My God, Chinese Qualifier
12, Four Angry Men, Chinese Qualifier
13, Crest Gaming Xanadu, Japanese Qualifier
14, Crest Gaming Windfall, Japanese Qualifier
15, ahq e-Sports Club, TW, HK & MO Qualifier
16, Refund Gaming, Southeast Asian Qualifier
17, Made in Thailand, Thai Qualifier
18, Chiefs Esports Club, Oceanic Qualifier
19, Savage Esports, Latin American Qualifier
20, Oyun Hizmetleri eSports, Middle Eastern Qualifier

points distribution
0, 15
1,500
2, 410
3, 345
4, 295
5, 250
6, 210
7, 175
8, 145 
9, 120 
10, 100 
11, 80 
12, 65 
13,	50 
14,	40 
15,	30 
16,	20 
17,	15 
18,	10 
19,	5 
20,	0

tpp
9, 8, 1,1, 6, 6,2, 18, 2,11, 5, 6,3, 12, 3,10, 14, 3,17, 15, 2,5, 1, 12,18, 7, 4,7, 13, 6,19, 4, 4,15, 17, 1,12, 3, 9,13, 2, 4,6, 9, 3,8, 11, 2,20, 10, 4,14, 20, 0,16, 19, 0,4, 16, 1
9, 5, 9,1, 8, 1,2, 3, 10,11, 1, 11,3, 10, 6,10, 2, 7,17, 6, 7,5, 12, 2,18, 13, 1,7, 4, 5,19, 14, 5,15, 9, 1,12, 17, 0,13, 11, 6,6, 15, 1,8, 20, 1,20, 16, 1,14, 7, 0,16, 18, 0,4, 19, 0
9, 11, 4,1, 1, 3,2, 4, 5,11, 14, 0,3, 3, 13,10, 2, 8,17, 6, 6,5, 7, 2,18, 8, 4,7, 10, 2,19, 13, 9,15, 18, 1,12, 17, 1,13, 19, 0,6, 5, 3,8, 12, 5,20, 15, 1,14, 16, 5,16, 20, 1,4, 9, 1
9, 4, 8,1, 1, 12,2, 9, 0,11, 6, 1,3, 3, 9,10, 2, 12,17, 13, 2,5, 7, 8,18, 14, 1,7, 18, 1,19, 8, 1,15, 5, 3,12, 11, 2,13, 12, 4,6, 20, 1,8, 15, 2,20, 10, 4,14, 17, 1,16, 16, 4,4, 19, 0
9, 1, 12,1, 8, 3,2, 17, 2,11, 12, 2,3, 6, 4,10, 19, 3,17, 3, 10,5, 15, 6,18, 2, 7,7, 20, 0,19, 16, 1,15, 5, 2,12, 4, 1,13, 18, 0,6, 9, 1,8, 11, 6,20, 7, 5,14, 13, 1,16, 14, 2,4, 10, 7
9, 6, 2,1, 12, 0,2, 1, 6,11, 3, 11,3, 5, 3,10, 18, 3,17, 2, 14,5, 10, 4,18, 16, 2,7, 14, 4,19, 11, 4,15, 19, 2,12, 20, 0,13, 7, 3,6, 8, 6,8, 17, 1,20, 15, 1,14, 4, 2,16, 13, 7,4, 9, 3
9, 1, 16,1, 4, 3,2, 6, 5,11, 13, 4,3, 14, 0,10, 18, 2,17, 17, 1,5, 15, 5,18, 7, 1,7, 2, 7,19, 10, 4,15, 19, 0,12, 20, 0,13, 11, 3,6, 8, 2,8, 12, 7,20, 9, 1,14, 5, 0,16, 3, 4,4, 16, 2
9, 2, 9,1, 4, 4,2, 1, 10,11, 7, 5,3, 9, 3,10, 10, 3,17, 18, 1,5, 13, 4,18, 19, 4,7, 16, 3,19, 12, 8,15, 3, 3,12, 6, 5,13, 14, 0,6, 17, 0,8, 5, 6,20, 8, 2,14, 20, 0,16, 11, 6,4, 15, 0

fpp
11, 1, 16,1, 18, 1,2, 2, 4,7, 9, 2,8, 3, 15,5, 15, 2,6, 5, 2,3, 10, 0,9, 14, 1,16, 13, 2,10, 19, 0,18, 7, 1,4, 16, 2,12, 6, 11,14, 17, 5,13, 12, 3,15, 4, 1,19, 8, 1,20, 11, 2,17, 20, 0
11, 2, 7,1, 5, 4,2, 4, 3,7, 3, 8,8, 6, 8,5, 11, 2,6, 10, 5,3, 1, 16,9, 7, 0,16, 18, 1,10, 9, 7,18, 8, 3,4, 12, 4,12, 14, 2,14, 17, 0,13, 15, 0,15, 16, 0,19, 20, 1,20, 13, 0,17, 19, 2
11, 1, 12,1, 2, 10,2, 4, 13,7, 6, 4,8, 7, 2,5, 8, 1,6, 14, 0,3, 13, 3,9, 11, 1,16, 9, 3,10, 3, 8,18, 10, 1,4, 12, 2,12, 17, 2,14, 19, 0,13, 5, 8,15, 16, 4,19, 18, 0,20, 15, 2,17, 20, 0
11, 1, 20,1, 6, 5,2, 2, 11,7, 5, 11,8, 4, 2,5, 16, 0,6, 3, 2,3, 18, 3,9, 9, 5,16, 8, 4,10, 19, 0,18, 17, 0,4, 12, 4,12, 15, 0,14, 7, 1,13, 11, 1,15, 10, 1,19, 20, 0,20, 14, 1,17, 13, 1
11, 10, 7,1, 2, 10,2, 6, 6,7, 15, 1,8, 14, 1,5, 7, 7,6, 3, 5,3, 12, 5,9, 1, 7,16, 18, 2,10, 16, 3,18, 4, 11,4, 19, 0,12, 17, 0,14, 8, 3,13, 11, 2,15, 20, 2,19, 5, 1,20, 9, 3,17, 13, 0
11, 4, 4,1, 6, 4,2, 17, 0,7, 19, 2,8, 11, 5,5, 3, 6,6, 7, 4,3, 2, 3,9, 8, 3,16, 1, 9,10, 14, 1,18, 20, 0,4, 13, 8,12, 5, 10,14, 15, 2,13, 12, 9,15, 16, 0,19, 18, 0,20, 10, 3,17, 9, 0
11, 16, 4,1, 2, 11,2, 6, 5,7, 5, 10,8, 3, 2,5, 1, 14,6, 14, 1,3, 7, 1,9, 11, 4,16, 8, 6,10, 4, 13,18, 13, 0,4, 9, 2,12, 17, 0,14, 18, 1,13, 19, 0,15, 10, 0,19, 15, 1,20, 20, 0,17, 12, 0
11, 13, 0,1, 1, 9,2, 4, 7,7, 2, 12,8, 9, 6,5, 7, 2,6, 5, 4,3, 18, 4,9, 20, 1,16, 15, 3,10, 14, 0,18, 11, 1,4, 6, 7,12, 17, 2,14, 3, 3,13, 19, 0,15, 10, 0,19, 8, 8,20, 16, 3,17, 12, 2

